{'metrics/precision(B)': 0.7095734126311316,
 'metrics/recall(B)': 0.5830039653765768,
 'metrics/mAP50(B)': 0.6473968682852871,
 'metrics/mAP50-95(B)': 0.4869431219680863,
 'fitness': 0.5029884965998064}